-24
4
-4
-16
-19
-25
-29
-32
-33
-34
-33
-32
-31
-30
-30
-28
-23
-16
-10
-7
-8
-14
-23
-31
-38
-42
-42
-40
-40
-43
-46
-44
-42
-40
-37
-36
-38
-41
-40
-34
-26
-19
-13
-10
-13
-17
-21
-22
-22
-22
-21
-22
-26
-29
-29
-28
-27
-26
-25
-25
-24
-22
-21
-22
-26
-29
-33
-34
-34
-29
-26
-23
-25
-26
-28
-28
-26
-25
-24
-28
-30
-34
-33
-32
-28
-27
-28
-30
-30
-30
-31
-32
-34
-35
-38
-37
-33
-30
-29
-30
-32
-34
-36
-34
-33
-31
-30
-27
-28
-26
-26
-23
-23
-19
-18
-16
-16
-18
-21
-24
-26
-31
-32
-31
-29
-31
-30
-31
-32
-35
-35
-37
-38
-40
-41
-41
-39
-37
-34
-30
-26
-25
-23
-22
-23
-27
-29
-36
-40
-45
-44
-45
-42
-41
-40
-41
-38
-37
-34
-29
-23
-21
-19
-20
-23
-28
-32
-34
-34
-33
-30
-26
-23
-23
-25
-29
-34
-39
-40
-41
-39
-35
-31
-28
-25
-23
-22
-22
-19
-16
-15
-16
-20
-24
-30
-32
-36
-33
-33
-30
-29
-25
-25
-26
-31
-31
-32
-32
-31
-28
-28
-31
-30
-29
-25
-28
-30
-35
-38
-42
-39
-34
-31
-32
-34
-35
-37
-38
-37
-30
-27
-26
-27
-25
-26
-27
-27
-25
-25
-24
-22
-19
-18
-19
-21
-23
-26
-28
-31
-31
-33
-34
-36
-35
-35
-33
-31
-25
-20
-17
-16
-16
-18
-22
-28
-33
-38
-42
-43
-42
-40
-38
-36
-34
-33
-33
-31
-31
-31
-31
-32
-33
-32
-31
-32
-33
-34
-35
-36
-33
-28
-26
-24
-26
-27
-31
-28
-25
-19
-17
-17
-20
-23
-26
-30
-33
-36
-35
-36
-34
-34
-34
-35
-37
-37
-36
-35
-33
-32
-30
-33
-33
-34
-32
-31
-29
-29
-31
-33
-33
-28
-21
-15
-12
-12
-14
-17
-19
-21
-23
-27
-29
-31
-33
-33
-32
-30
-27
-23
-22
-20
-22
-22
-23
-22
-24
-26
-32
-36
-42
-41
-39
-31
-26
-21
-22
-24
-28
-29
-28
-28
-27
-30
-33
-36
-35
-30
-25
-23
-24
-25
-28
-28
-26
-24
-22
-22
-23
-26
-30
-35
-39
-40
-35
-27
-20
-17
-20
-26
-33
-36
-35
-32
-30
-29
-32
-36
-39
-37
-34
-32
-29
-27
-24
-23
-18
-15
-15
-19
-20
-20
-20
-22
-24
-28
-32
-36
-34
-33
-32
-31
-28
-25
-23
-25
-27
-31
-36
-39
-36
-31
-26
-23
-20
-19
-20
-21
-21
-20
-21
-22
-25
-26
-31
-35
-42
-45
-49
-48
-44
-36
-30
-26
-25
-26
-29
-32
-33
-34
-36
-38
-41
-43
-43
-42
-41
-40
-38
-35
-33
-29
-24
-21
-22
-23
-24
-26
-28
-25
-22
-20
-21
-21
-25
-29
-35
-36
-33
-25
-19
-15
-13
-14
-20
-28
-32
-35
-36
-39
-37
-34
-32
-32
-30
-26
-24
-19
-16
-13
-17
-17
-17
-16
-16
-16
-14
-16
-15
-13
-9
-8
-9
-11
-17
-22
-28
-28
-28
-23
-21
-20
-22
-25
-27
-29
-27
-30
-29
-32
-28
-26
-22
-23
-23
-24
-24
-22
-20
-19
-23
-26
-32
-33
-33
-30
-28
-27
-26
-26
-26
-27
-28
-30
-31
-32
-32
-33
-33
-35
-36
-35
-34
-31
-29
-26
-26
-26
-26
-25
-24
-22
-16
-15
-15
-20
-23
-27
-29
-26
-23
-22
-23
-25
-28
-32
-32
-33
-33
-34
-32
-31
-31
-29
-29
-28
-29
-28
-28
-30
-31
-32
-30
-30
-27
-25
-23
-23
-25
-29
-34
-36
-37
-36
-33
-32
-32
-33
-30
-27
-20
-13
-6
-3
-3
-6
-10
-13
-14
-15
-16
-17
-17
-19
-21
-24
-24
-24
-24
-22
-23
-26
-32
-32
-31
-26
-21
-19
-17
-18
-18
-18
-18
-21
-26
-32
-33
-34
-34
-33
-32
-33
-37
-36
-33
-30
-30
-29
-34
-37
-42
-41
-40
-36
-33
-30
-27
-23
-20
-20
-18
-19
-20
-21
-22
-23
-26
-28
-29
-27
-26
-23
-22
-21
-24
-27
-29
-30
-31
-30
-26
-21
-17
-16
-16
-20
-24
-29
-29
-27
-23
-20
-19
-21
-25
-28
-28
-29
-28
-30
-31
-36
-36
-36
-33
-34
-34
-35
-34
-30
-25
-18
-16
-13
-14
-17
-24
-25
-25
-22
-19
-14
-12
-14
-16
-17
-20
-24
-28
-31
-34
-36
-34
-30
-28
-27
-26
-24
-23
-24
-26
-27
-28
-30
-33
-34
-35
-37
-36
-36
-34
-35
-35
-38
-39
-39
-37
-37
-36
-37
-38
-41
-41
-36
-30
-27
-27
-29
-32
-34
-34
-32
-30
-28
-30
-28
-27
-23
-22
-20
-24
-29
-36
-40
-44
-44
-39
-34
-31
-30
-28
-29
-29
-30
-28
-24
-20
-17
-16
-19
-24
-30
-34
-36
-34
-32
-31
-32
-32
-32
-33
-32
-30
-29
-30
-31
-33
-34
-36
-36
-35
-32
-29
-25
-22
-23
-26
-31
-31
-33
-31
-30
-26
-23
-18
-16
-14
-14
-14
-16
-16
-16
-15
-21
-25
-31
-34
-37
-36
-35
-35
-36
-37
-37
-37
-35
-33
-30
-27
-25
-25
-28
-29
-30
-29
-26
-23
-21
-22
-19
-18
-16
-17
-17
-20
-21
-20
-17
-19
-22
-27
-28
-30
-28
-25
-21
-24
-26
-30
-31
-31
-27
-22
-18
-14
-14
-13
-16
-18
-22
-24
-27
-27
-29
-29
-32
-31
-30
-26
-27
-26
-29
-33
-35
-36
-34
-32
-26
-24
-22
-21
-20
-21
-21
-18
-18
-17
-18
-18
-22
-23
-25
-25
-29
-29
-31
-30
-32
-30
-30
-28
-29
-29
-29
-29
-28
-25
-21
-20
-21
-22
-24
-24
-27
-27
-29
-31
-36
-37
-37
-34
-33
-31
-30
-29
-29
-28
-27
-26
-26
-28
-29
-30
-29
-31
-32
-32
-31
-32
-32
-28
6
97
240
396
518
577
554
469
365
295
286
347
452
579
690
758
767
733
682
632
599
577
570
559
558
543
516
476
433
381
330
294
275
262
256
257
259
266
284
311
335
354
362
356
335
302
259
214
185
174
182
189
192
187
193
205
223
229
223
189
139
93
68
56
57
70
91
108
129
145
157
152
139
122
109
106
110
116
113
105
89
84
81
83
79
79
77
77
70
63
50
41
33
38
45
58
70
82
83
79
69
57
45
42
46
56
60
59
50
41
32
26
36
56
78
92
105
105
92
69
54
39
25
15
15
18
22
26
34
44
50
53
53
55
53
46
35
28
24
23
25
27
28
28
24
18
12
9
4
-1
-3
-3
-4
-8
-8
-4
4
8
12
14
13
6
4
3
5
8
14
22
28
30
26
25
26
29
30
30
27
20
11
9
12
15
14
9
0
-6
-9
-3
4
14
15
16
16
24
36
49
51
41
21
2
-10
-14
-14
-15
-18
-20
-18
-13
-5
10
30
50
59
59
50
42
33
30
34
38
34
27
25
24
20
13
7
-1
-6
-8
-2
10
24
32
31
26
16
6
-1
-1
-3
-1
1
8
13
21
24
24
17
12
4
-5
-15
-20
-15
-4
12
27
36
34
21
9
-1
-4
-4
0
1
0
1
2
2
0
-4
-6
-12
-16
-19
-19
-24
-27
-30
-33
-35
-34
-30
-27
-22
-17
-12
-10
-5
0
8
11
10
4
-2
-9
-11
-12
-12
-13
-15
-16
-9
8
28
37
36
28
14
0
-8
-11
-13
-16
-22
-25
-25
-22
-20
-16
-13
-9
-8
-9
-8
-8
-7
-10
-12
-16
-16
-18
-20
-22
-22
-24
-26
-26
-23
-21
-18
-13
-8
-2
0
1
-1
-3
-6
-9
-12
-10
-9
-8
-9
-9
-11
-15
-20
-25
-28
-29
-29
-28
-29
-31
-34
-36
-37
-33
-30
-25
-21
-15
-10
-1
3
6
4
0
-4
-7
-10
-13
-15
-18
-22
-20
-12
-1
2
4
0
-9
-20
-24
-24
-23
-20
-16
-16
-15
-10
-4
0
-1
-3
-10
-20
-28
-26
-22
-17
-15
-15
-20
-28
-34
-37
-39
-42
-43
-43
-40
-37
-31
-26
-22
-20
-19
-17
-21
-23
-26
-25
-26
-24
-23
-21
-22
-24
-26
-29
-32
-34
-36
-36
-33
-30
-29
-30
-30
-32
-33
-29
-23
-14
-10
-4
-4
-3
-8
-9
-13
-15
-19
-21
-21
-19
-18
-18
-17
-19
-19
-21
-20
-23
-24
-26
-26
-21
-13
-6
-4
-5
-11
-16
-23
-26
-26
-24
-22
-24
-24
-28
-31
-35
-33
-31
-29
-29
-29
-29
-28
-27
-26
-21
-13
0
8
13
7
-1
-17
-26
-33
-30
-27
-23
-21
-19
-16
-16
-14
-13
-11
-13
-14
-15
-14
-13
-11
-8
-5
-2
-4
-6
-9
-14
-18
-21
-22
-25
-26
-27
-25
-23
-17
-11
-6
-5
-6
-9
-13
-18
-19
-21
-22
-25
-26
-26
-25
-26
-25
-25
-28
-34
-37
-37
-36
-35
-32
-31
-30
-32
-32
-33
-33
-35
-35
-34
-31
-27
-21
-16
-14
-14
-15
-19
-24
-30
-33
-39
-41
-42
-38
-40
-39
-40
-38
-38
-38
-37
-32
-21
-10
0
2
2
-3
-7
-9
-6
-7
-10
-15
-18
-21
-23
-28
-32
-34
-31
-25
-16
-8
-2
-4
-6
-9
-12
-17
-21
-24
-27
-30
-30
-29
-27
-27
-28
-31
-32
-33
-32
-30
-28
-25
-24
-19
-15
-11
-12
-14
-21
-24
-28
-28
-29
-29
-31
-31
-30
-29
-26
-25
-26
-30
-32
-35
-32
-27
-17
-13
-9
-12
-16
-24
-26
-28
-28
-28
-29
-30
-30
-27
-25
-21
-20
-18
-19
-21
-21
-21
-21
-22
-19
-18
-20
-22
-22
-24
-28
-31
-30
-29
-28
-28
-27
-29
-32
-34
-32
-27
-18
-10
-6
-8
-12
-19
-26
-28
-26
-24
-20
-19
-20
-23
-24
-29
-33
-38
-38
-39
-32
-21
-9
0
5
5
-3
-14
-22
-29
-30
-27
-21
-20
-19
-22
-27
-33
-34
-30
-25
-18
-14
-12
-15
-17
-21
-24
-24
-23
-21
-16
-8
-3
-1
-5
-10
-19
-24
-24
-17
-9
-3
0
-5
-12
-23
-30
-35
-33
-33
-28
-25
-22
-24
-25
-26
-26
-25
-22
-18
-17
-18
-20
-22
-24
-21
-16
-10
-4
1
2
-1
-8
-14
-22
-28
-29
-31
-32
-33
-32
-30
-27
-25
-24
-25
-26
-28
-28
-27
-23
-22
-19
-20
-21
-21
-17
-14
-12
-8
-7
-9
-14
-15
-19
-21
-22
-22
-22
-23
-24
-25
-25
-23
-23
-24
-26
-26
-28
-27
-30
-30
-33
-30
-29
-26
-25
-25
-28
-32
-37
-40
-41
-40
-34
-26
-18
-12
-7
-6
-7
-9
-13
-15
-17
-18
-24
-28
-33
-37
-38
-34
-30
-28
-29
-29
-29
-26
-22
-16
-10
-6
-6
-9
-14
-17
-21
-22
-22
-20
-18
-16
-15
-16
-17
-17
-13
-8
-2
0
-2
-9
-17
-22
-23
-21
-18
-16
-16
-18
-23
-28
-33
-33
-32
-26
-25
-24
-25
-24
-22
-20
-13
-10
-9
-14
-14
-15
-14
-10
-8
-9
-15
-20
-26
-29
-33
-32
-32
-29
-28
-25
-28
-30
-35
-36
-37
-34
-31
-27
-26
-24
-23
-21
-22
-21
-22
-22
-26
-27
-29
-29
-30
-30
-29
-27
-25
-22
-19
-17
-20
-26
-29
-29
-26
-22
-17
-12
-12
-16
-19
-21
-24
-26
-27
-26
-24
-22
-20
-21
-22
-25
-28
-32
-31
-30
-27
-27
-27
-31
-36
-42
-44
-45
-41
-38
-33
-29
-25
-23
-21
-20
-20
-23
-25
-25
-24
-21
-17
-14
-17
-22
-25
-29
-30
-28
-25
-23
-23
-23
-25
-29
-33
-32
-32
-28
-25
-18
-15
-12
-13
-14
-20
-24
-29
-30
-31
-31
-31
-31
-32
-32
-31
-30
-31
-30
-25
-20
-16
-13
-14
-17
-21
-21
-23
-23
-24
-23
-26
-27
-28
-26
-24
-18
-12
-9
-10
-15
-19
-24
-24
-24
-23
-24
-24
-26
-27
-31
-35
-37
-36
-33
-29
-26
-22
-23
-26
-29
-29
-33
-34
-35
-33
-32
-30
-28
-26
-28
-31
-33
-31
-29
-24
-21
-17
-17
-17
-16
-13
-9
-4
-5
-8
-12
-16
-20
-22
-23
-25
-28
-30
-29
-29
-28
-26
-23
-20
-22
-24
-29
-32
-35
-30
-24
-14
-9
-7
-11
-17
-23
-23
-17
-7
0
0
-4
-14
-25
-30
-31
-29
-26
-22
-20
-17
-13
-9
-7
-8
-9
-13
-16
-18
-15
-16
-15
-17
-17
-18
-17
-18
-17
-20
-26
-32
-34
-35
-34
-34
-33
-38
-42
-44
-38
-34
-28
-26
-26
-30
-33
-33
-31
-28
-25
-21
-22
-24
-27
-29
-31
-30
-31
-30
-33
-36
-40
-41
-44
-45
-46
-43
-39
-32
-24
-17
-14
-15
-18
-20
-22
-22
-22
-21
-21
-24
-27
-28
-26
-25
-24
-25
-25
-27
-28
-29
-25
-23
-21
-22
-22
-24
-28
-28
-25
-20
-17
-15
-14
-18
-22
-26
-26
-30
-33
-36
-36
-35
-33
-30
-28
-27
-29
-29
-29
-27
-26
-27
-27
-27
-26
-25
-22
-21
-22
-26
-30
-30
-29
-27
-27
-24
-25
-26
-28
-27
-28
-29
-30
-30
-27
-24
-24
-25
-27
-31
-36
-38
-37
-33
-29
-25
-21
-19
-18
-18
-19
-20
-21
-24
-27
-32
-36
-40
-41
-40
-36
-32
-28
-28
-29
-30
-29
-26
-24
-22
-24
-26
-27
-24
-21
-17
-17
-15
-16
-18
-20
-20
-22
-23
-21
-17
-16
-17
-17
-17
-16
-17
-15
-17
-18
-21
-22
-25
-26
-28
-28
-28
-27
-27
-29
-31
-31
-27
-22
-18
-18
-22
-28
-33
-36
-37
-36
-35
-34
-33
-32
-30
-27
-26
-27
-29
-29
-32
-34
-35
-32
-30
-30
-26
-20
-17
-18
-20
-22
-25
-27
-26
-23
-22
-22
-23
-23
-22
-24
-24
-25
-23
-24
-23
-23
-24
-29
-34
-37
-37
-35
-30
-25
-22
-22
-22
-24
-27
-28
-28
-26
-27
-25
-25
-25
-28
-29
-30
-30
-31
-32
-30
-29
-27
-24
-22
-21
-23
-26
-29
-32
-33
-34
-34
-33
-30
-28
-24
-21
-16
-16
-16
-18
-19
-23
-24
-26
-28
-31
-28
-26
-24
-23
-23
-25
-28
-28
-29
-27
-29
-30
-32
-31
-32
-31
-32
-30
-30
-30
-28
-24
-21
-20
-22
-27
-33
-39
-41
-41
-38
-33
-29
-29
-30
-31
-29
-29
-29
-31
-33
-37
-38
-37
-34
-30
-27
-28
-30
-31
-31
-30
-29
-26
-24
-22
-25
-24
-21
-18
-20
-21
-22
-26
-28
-28
-22
-20
-16
-16
-16
-20
-22
-26
-27
-27
-25
-23
-20
-16
-15
-16
-18
-21
-27
-32
-36
-36
-36
-32
-29
-23
-21
-19
-17
-18
-19
-22
-21
-20
-16
-17
-17
-24
-30
-37
-39
-39
-36
-34
-31
-30
-31
-31
-30
-30
-28
-27
-25
-26
-28
-31
-32
-32
-31
-29
-27
-27
-29
-32
-34
-37
-41
-42
-40
-37
-35
-32
-31
-32
-34
-37
-39
-40
-38
-35
-32
-30
-31
-32
-32
-29
-26
-26
-30
-34
-37
-39
-37
-32
-29
-28
-30
-31
-33
-31
-29
-25
-24
-23
-24
-26
-28
-30
-32
-31
-32
-31
-30
-27
-28
-27
-28
-27
-28
-26
-25
-23
-22
-23
-28
-33
-33
-30
-28
-28
-28
-32
-38
-40
-38
-34
-32
-29
-27
-26
-24
-22
-19
-20
-19
-20
-18
-20
-20
-25
-27
-30
-30
-30
-28
-26
-25
-27
-26
-26
-29
-33
-36
-37
-36
-33
-30
-29
-29
-29
-28
-27
-25
-24
-23
-24
-24
-26
-28
-29
-27
-28
-26
-27
-26
-29
-26
-24
-21
-23
-23
-25
-27
-29
-30
-26
-20
-14
-11
-12
-17
-27
-33
-36
-31
-26
-19
-19
-18
-23
-25
-29
-29
-28
-28
-29
-30
-30
-31
-30
-28
-26
-26
-28
-30
-32
-31
-32
-32
-34
-34
-35
-32
-30
-28
-27
-27
-28
-28
-19
-9
0
1
3
0
-7
-13
-10
-5
-4
-6
-10
-17
-26
-33
-36
-36
-35
-31
-26
-20
-18
-19
-22
-26
-30
-35
-34
-33
-29
-27
-23
-20
-18
-16
-12
-10
-9
-9
-11
-16
-22
-26
-31
-33
-33
-29
-25
-21
-20
-20
-22
-24
-25
-25
-22
-19
-18
-20
-22
-26
-28
-29
-29
-28
-25
-19
-13
-10
-11
-15
-21
-27
-31
-31
-29
-28
-29
-29
-32
-33
-37
-36
-36
-34
-33
-29
-28
-28
-28
-30
-32
-33
-31
-28
-26
-23
-22
-22
-24
-24
-26
-24
-25
-23
-23
-21
-21
-22
-24
-24
-24
-24
-22
-24
-26
-30
-30
-30
-27
-26
-25
-28
-29
-31
-31
-32
-33
-37
-40
-42
-43
-42
-41
-41
-41
-40
-36
-34
-33
-31
-32
-34
-35
-34
-32
-33
-33
-34
-34
-34
-32
-31
-31
-31
-31
-30
-27
-25
-25
-25
-25
-25
-23
-21
-19
-20
-22
-23
-22
-22
-22
-22
-22
-26
-31
-36
-36
-36
-32
-26
-22
-22
-25
-28
-30
-32
-32
-32
-33
-36
-39
-40
-39
-37
-36
-34
-34
-32
-29
-25
-24
-28
-33
-39
-43
-45
-41
-37
-35
-34
-31
-29
-30
-30
-30
-32
-34
-32
-27
-24
-22
-21
-23
-24
-25
-25
-25
-25
-27
-28
-28
-26
-24
-25
-28
-30
-31
-30
-29
-28
-28
-30
-31
-32
-33
-34
-33
-30
-29
-25
-25
